1160 1364 1417 1633 1548 1791 1881 1895 1888 1861 PERLIS
15505 16172 16520 17701 17966 19699 19935 20228 20159 22016 KEDAH
32573 33881 34049 33719 34306 37158 37851 39361 38747 39856 PULAU PINANG
27432 29203 30539 32327 32072 33506 34714 35408 35131 36736 PERAK
92632 99157 100380 107429 115565 128876 129106 135024 137809 140957 SELANGOR
46254 49454 48671 51942 53493 58795 61872 64527 63535 64664 KUALA LUMPUR
15197 16079 17362 18369 19407 21157 22146 23066 23748 22939 NEGERI SEMBILAN
10707 11720 12105 13275 14110 14720 15195 16083 16375 17069 MELAKA
43757 46584 48667 51747 55381 59501 62316 64600 64473 67112 JOHOR
13242 13982 15629 17068 17315 19001 20554 20130 19071 19635 PAHANG
7337 8116 8842 9549 9707 9603 9968 9748 10326 9960 KELANTAN
7098 8155 8814 10118 10106 10684 10861 10996 9383 10381 TERENGGANU
13550 14256 14588 15798 16192 16585 17446 17438 17858 17290 SABAH
14808 15196 15488 16655 17253 17964 18578 18700 17693 19130 SARAWAK